844074
638161
475386
704770
839705
506641
579580
294421
9962
465484
739246
678547
708397
348565
99990
132038
704472
880989
525456
803927
540958
135095
345099
798654
731109
47006
9698
249489
176707
328793
704630
446045
619099
773595
584973
618940
337111
915678
306742
425267
86560
810638
913965
351772
298140
285889
910232
563592
713653
237978
214352
685661
721488
422990
608365
479993
487950
140223
878520
903772
547652
699626
250634
190699
295674
215267
635090
454128
812468
842409
323023
719671
803953
478619
311804
237638
593244
647097
491597
110917
416722
992943
869707
868452
407911
471672
839360
873753
687551
792116
82483
336134
687503
124738
961804
907803
295616
898660
306486
969419
600574
773726
938336
813756
849892
46517
237798
459040
715613
821677
479643
274345
656869
833751
360932
41888
290782
858846
958911
188090
377805
865525
105812
788604
499780
48948
102239
583661
25764
236767
66163
935721
569266
324153
269368
572119
113259
679157
726902
179086
872775
480128
824507
85720
838236
363359
956870
499939
963942
680284
146636
724815
240190
721954
181460
928363
302989
651562
953536
492098
719608
772428
783232
101223
23181
566995
618530
160485
39155
335228
994025
297920
12465
209581
12391
349024
993832
235984
633910
4413
375225
766705
21788
606430
688879
915959
996482
256347
955695
13158
98128
864316
810981
256219
304631
934652
867572
648724
602
250128
990208
680600
291869
479889
770630
212141
364303
392006
439252
263093
524217
46248
118008
697609
661084
878955
475252
514907
301194
632176
222801
809936
469748
494173
673841
236450
306019
282109
129807
86264
501243
331530
812752
511577
997077
252154
255019
962278
785929
433175
209377
511688
676098
595299
203634
287562
116325
851749
866639
856782
204193
552909
262669
193290
265143
602012
725885
265829
156871
621900
932880
582106
521259
164930
35243
753596
148040
404515
382972
243407
642106
801321
59972
8484
809930
474644
770230
49729
268837
230570
174971
964448
579992
931061
381997
932003
509713
138953
171062
978533
49642
415586
995574
192362
822864
946742
583956
574742
527039
422986
135668
264967
100003
802329
752234
260187
881782
638381
710637
564036
226972
729167
437511
629676
435914
999736
320678
448357
27836
956794
447870
793202
201092
468858
216920
115304
34505
556183
442550
820840
306845
501718
112734
80456
83603
17506
533780
482258
448980
923091
618893
189538
485228
176750
409761
298777
964984
999597
248132
345712
499772
768027
778374
346637
185720
232818
444764
339440
20500
485369
297962
17522
879574
83449
885273
644436
627128
688047
198455
249442
391042
810058
565053
148752
616419
377164
618285
899309
705156
565586
459197
447011
235403
574524
123896
522029
178899
240359
496043
221967
225708
973706
244955
592093
406204
99986
541963
625931
372622
966393
149568
607560
665272
639902
38087
567428
14622
542955
854140
682857
434370
564451
981033
271621
188201
757274
867564
332999
467332
518621
500670
431050
898781
207046
579447
518270
231898
980334
805447
404194
440179
560876
711795
75136
988948
508707
435999
595840
385689
458197
754924
46503
319722
975699
718560
530026
290895
374004
74116
641390
920167
941740
61380
201377
94947
508483
484795
501370
802577
466526
418969
632705
201811
625693
344061
118643
78205
733970
494950
790535
374361
550902
611159
119608
971536
301708
510803
67993
235660
301275
74755
264449
973716
417949
441412
384074
748827
34305
39073
18146
368353
565626
157659
968554
756294
709278
567860
624554
556189
591133
800296
923645
252907
932978
118316
795742
941046
431308
677846
780481
376028
351974
732796
702388
568175
258587
599951
427921
443722
638626
848714
942709
382706
933409
824925
398162
451985
369477
776518
597111
982192
701472
850819
123901
677312
500007
324724
45166
546090
731649
10524
683531
641042
467457
118246
921175
297331
530915
484538
274061
157671
439292
949760
135424
823872
796986
607596
978821
620443
516865
704481
209901
674145
592642
65953
389062
580401
902755
754592
816834
196221
470578
977883
715341
183789
881544
871893
948649
179598
36063
380897
740356
436312
970708
57482
619310
505753
779970
606463
703754
689989
223021
456237
545723
438715
621575
949119
796889
60307
416072
255966
84021
708688
699370
64972
736506
44009
675529
886253
98005
131282
211233
73926
605865
499899
529312
111350
991712
247792
235953
239723
226706
124877
434168
406561
379955
663068
182981
474399
985754
187911
720335
922725
618016
862233
863597
340989
750710
774719
681917
988564
418454
900898
245279
641267
252604
869179
435184
403384
316376
764694
475406
912410
484171
60884
468918
295312
634714
294748
157751
221048
814334
4878
426159
682870
643491
576189
719834
474573
245329
641343
717618
302664
213916
958839
857260
239220
400856
105884
940480
335311
715853
737447
819977
958267
711017
438958
14250
426103
832587
397421
132498
895071
690420
386404
642446
709398
993233
135521
503850
788377
906862
842018
37224
974908
768067
704599
857952
468228
299827
818274
984310
387716
82433
275606
310594
903839
39112
224950
313935
724971
612663
240970
887877
861091
467378
806905
290108
345164
665856
925976
224468
544611
342317
649952
405322
571895
5410
896830
917309
204118
888847
57151
674709
52947
629192
559076
664733
845008
185367
223658
398041
911473
702118
706637
881033
441288
286419
177130
357119
919802
551430
326454
258589
30969
575171
19358
656438
496797
125268
667059
584322
117622
100802
171519
476504
12629
851162
931985
919469
413643
435831
727387
812909
525059
944079
300563
54869
642064
339068
790166
280816
447489
915323
820183
936738
284634
162097
762659
217192
989302
901793
79417
932459
837874
319691
342407
363841
425455
746626
312495
268177
49013
352445
899819
238444
153970
946327
942661
464740
73508
227909
670137
992013
285760
821371
178603
525921
53957
511807
566275
915843
790084
378672
583616
744827
76476
853045
831173
535335
936114
942467
659457
550754
995818
482047
459924
11252
37057
747197
958210
158003
306231
350735
888056
530723
394543
654501
19345
258808
651582
374622
457202
812589
826187
729546
363623
482523
16181
171517
726247
544340
181940
965616
585266
963288
572893
345876
620129
380909
596249
836375
104211
428688
485783
504039
539527
543166
327873
316824
212259
646739
944954
560556
567980
278568
138813
8876
60564
875576
407467
748657
36205
831725
805460
511629
547479
669672
464851
717150
48368
168253
711470
686692
693653
545919
552547
978566
377928
660591
391081
822447
981928
876575
203152
142571
734118
667337
949638
344288
984347
526494
472845
836179
871894
985396
684667
684549
788760
671164
867750
752986
607620
186046
633345
731024
268382
425416
471947
39044
671540
132759
247055
384284
114929
158575
392628
129417
574841
858359
929467
991569
770696
749678
896908
896756
217355
402292
46282
592705
697905
986250
245012
311137
477830
27921
361243
960443
247649
789791
799673
873597
691403
336853
896529
444872
985121
218908
356845
117230
404627
619869
566083
746683
535907
92154
421728
354020
877880
34830
